Normal: exact numbers

one: [6, 2]
two: [36, 16, 4]
three: [216, 96, 48, 8]
four: [1296, 512, 384, 128, 16]
five: [7776, 2560, 2560, 1280, 320, 32]
six: [46656, 12288, 15360, 10240, 3840, 768, 64]
seven: [279936, 57344, 86016, 71680, 35840, 10752, 1792, 128]
eight: [1679616, 262144, 458752, 458752, 286720, 114688, 28672, 4096, 256]


Normal: at least

one: [6, 2]
two: [36, 20, 4]
three: [216, 152, 56, 8]
four: [1296, 1040, 528, 144, 16]
five: [7776, 6752, 4192, 1632, 352, 32]
six: [46656, 42560, 30272, 14912, 4672, 832, 64]
seven: [279936, 263552, 206208, 120192, 48512, 12672, 1920, 128]
eight: [1679616, 1614080, 1351936, 893184, 434432, 147712, 33024, 4352, 256]